-0.5
-0.41379310344827586
-0.3275862068965517
-0.24137931034482757
-0.15517241379310343
-0.06896551724137928
0.017241379310344862
0.10344827586206895
0.18965517241379315
0.27586206896551735
0.36206896551724144
0.4482758620689655
0.5344827586206897
0.6206896551724139
0.7068965517241379
0.7931034482758621
0.8793103448275863
0.9655172413793105
1.0517241379310347
1.1379310344827587
1.2241379310344829
1.310344827586207
1.396551724137931
1.4827586206896552
1.5689655172413794
1.6551724137931036
1.7413793103448278
1.827586206896552
1.9137931034482758
2.0
